[PRODUCTION_RATES]
; basal expression of luxI; 0.051212520857142854, 0.03758754714285714
alpha0 = 0.3
; activated expression of luxI
alphaI = 32.415414250000005
; constitutive expresssion of luxR promoter
alphaR = 21.45761595  
; constitutive expression of GFP
alphaG = 201.62805500000002  
; leaky activation of luxR
alphaIr = 2 
alphaIrt = 0

[VALENCY]
nA = 100
nG = 1
;hill coeff for luxR -ahl
n = 1.2
ncas = 0.9

[REACTION_RATES]
; hr-1
k1R = 41.04314125   
#hr-1
k2R = 96.56451150000001     
#nM LuxR_AHL complex dissociation constant
kd1 = 144.08903449999997    
#nM LuxR_AHL DNA binding constant, 105.5
kd2 = 73.51983553   
#hr-1, 150
kcasR = 69.8749622
#nM, 0.5
kdCas = 1.3192041445
#2.89

[DEGRADATION_RATES]
dR = 1.5969542496
dA = 0.004694360845
#0.09
dCas = 1.3143185185
#1.7
dG = 0.5073017057
#0.8
dc = 2.45

[MISCELLANEOUS]
; hr-1
r = 1.0521421588888888
; CFU/mL
K = 10**12
; nM
pT = 25 
; nM
pTsponge = 50  
; mL Volume of one cell
Vc = 10**(-12)  
#hr-1
mu = 1.3
; ec50 for AHL activating luxI #nM
ec50 = 10
m = 0.27559998
c = 22.36553555
k_d= 0.4485285805


[STRINGENT_PARAMETERS]
alpha_pl = 0.4501990104335714
alpha_rl =0.7339977293571428
alpha_ra = 60.01026642857142
alpha_g= 422.14149857142854
nHill_A = 1.7738638928571426
nHill_c = 3.4583741142857143
Kd = 39.89517635714286
KdCas = 2.8915386442857143
Kdeg_A =2.0839019932142855
Kdeg_Cas = 0.03844452966035715
Kdeg_G =0.13393947785714286
m1 = 14.218516428571428
c1 = 108.36835785714285
r1 = 1.0788062183333331
K1 = 10**12
k_d1= 0.8449311801666667
;number of AHL molecules produced per protein
nAHL = 1000     